# nurbs mesh v.2.1
#
# 24-Feb-2023
#
3 3 5 8 0 
PATCH 1 
2 2 2 
3 3 3 
0.000000000000000   0.000000000000000   0.000000000000000   1.000000000000000   1.000000000000000   1.000000000000000   
0.000000000000000   0.000000000000000   0.000000000000000   1.000000000000000   1.000000000000000   1.000000000000000   
0.000000000000000   0.000000000000000   0.000000000000000   1.000000000000000   1.000000000000000   1.000000000000000   
0.000000000000000   0.125000150000000   0.250000300000000   -0.125000150000000   0.000000000000000   0.125000150000000   -0.250000300000000   -0.125000150000000   0.000000000000000   0.000000000000000   0.125000150000000   0.250000300000000   -0.125000150000000   0.000000000000000   0.125000150000000   -0.250000300000000   -0.125000150000000   0.000000000000000   0.000000000000000   0.125000150000000   0.250000300000000   -0.125000150000000   0.000000000000000   0.125000150000000   -0.250000300000000   -0.125000150000000   0.000000000000000   
-0.250000300000000   -0.125000150000000   0.000000000000000   -0.125000150000000   0.000000000000000   0.125000150000000   0.000000000000000   0.125000150000000   0.250000300000000   -0.250000300000000   -0.125000150000000   0.000000000000000   -0.125000150000000   0.000000000000000   0.125000150000000   0.000000000000000   0.125000150000000   0.250000300000000   -0.250000300000000   -0.125000150000000   0.000000000000000   -0.125000150000000   0.000000000000000   0.125000150000000   0.000000000000000   0.125000150000000   0.250000300000000   
-0.500000000000000   -0.500000000000000   -0.500000000000000   -0.500000000000000   -0.500000000000000   -0.500000000000000   -0.500000000000000   -0.500000000000000   -0.500000000000000   0.000000000000000   0.000000000000000   0.000000000000000   0.000000000000000   0.000000000000000   0.000000000000000   0.000000000000000   0.000000000000000   0.000000000000000   0.500000000000000   0.500000000000000   0.500000000000000   0.500000000000000   0.500000000000000   0.500000000000000   0.500000000000000   0.500000000000000   0.500000000000000   
1.000000000000000   1.000000000000000   1.000000000000000   1.000000000000000   1.000000000000000   1.000000000000000   1.000000000000000   1.000000000000000   1.000000000000000   1.000000000000000   1.000000000000000   1.000000000000000   1.000000000000000   1.000000000000000   1.000000000000000   1.000000000000000   1.000000000000000   1.000000000000000   1.000000000000000   1.000000000000000   1.000000000000000   1.000000000000000   1.000000000000000   1.000000000000000   1.000000000000000   1.000000000000000   1.000000000000000   
PATCH 2 
2 2 2 
3 3 3 
0.000000000000000   0.000000000000000   0.000000000000000   1.000000000000000   1.000000000000000   1.000000000000000   
0.000000000000000   0.000000000000000   0.000000000000000   1.000000000000000   1.000000000000000   1.000000000000000   
0.000000000000000   0.000000000000000   0.000000000000000   1.000000000000000   1.000000000000000   1.000000000000000   
0.250000300000000   0.375000450000000   0.500000600000000   0.125000150000000   0.239276982428671   0.353553814857342   0.000000000000000   0.000000000000000   0.000000000000000   0.250000300000000   0.375000450000000   0.500000600000000   0.125000150000000   0.239276982428671   0.353553814857342   0.000000000000000   0.000000000000000   0.000000000000000   0.250000300000000   0.375000450000000   0.500000600000000   0.125000150000000   0.239276982428671   0.353553814857342   0.000000000000000   0.000000000000000   0.000000000000000   
0.000000000000000   0.000000000000000   0.000000000000000   0.125000150000000   0.239276982428671   0.353553814857342   0.250000300000000   0.375000450000000   0.500000600000000   0.000000000000000   0.000000000000000   0.000000000000000   0.125000150000000   0.239276982428671   0.353553814857342   0.250000300000000   0.375000450000000   0.500000600000000   0.000000000000000   0.000000000000000   0.000000000000000   0.125000150000000   0.239276982428671   0.353553814857342   0.250000300000000   0.375000450000000   0.500000600000000   
-0.500000000000000   -0.500000000000000   -0.500000000000000   -0.500000000000000   -0.426776695296637   -0.353553390593274   -0.500000000000000   -0.500000000000000   -0.500000000000000   0.000000000000000   0.000000000000000   0.000000000000000   0.000000000000000   0.000000000000000   0.000000000000000   0.000000000000000   0.000000000000000   0.000000000000000   0.500000000000000   0.500000000000000   0.500000000000000   0.500000000000000   0.426776695296637   0.353553390593274   0.500000000000000   0.500000000000000   0.500000000000000   
1.000000000000000   1.000000000000000   1.000000000000000   1.000000000000000   0.853553390593274   0.707106781186548   1.000000000000000   1.000000000000000   1.000000000000000   1.000000000000000   1.000000000000000   1.000000000000000   1.000000000000000   0.853553390593274   0.707106781186548   1.000000000000000   1.000000000000000   1.000000000000000   1.000000000000000   1.000000000000000   1.000000000000000   1.000000000000000   0.853553390593274   0.707106781186548   1.000000000000000   1.000000000000000   1.000000000000000   
PATCH 3 
2 2 2 
3 3 3 
0.000000000000000   0.000000000000000   0.000000000000000   1.000000000000000   1.000000000000000   1.000000000000000   
0.000000000000000   0.000000000000000   0.000000000000000   1.000000000000000   1.000000000000000   1.000000000000000   
0.000000000000000   0.000000000000000   0.000000000000000   1.000000000000000   1.000000000000000   1.000000000000000   
-0.250000300000000   -0.375000450000000   -0.500000600000000   -0.125000150000000   -0.239276982428671   -0.353553814857342   0.000000000000000   0.000000000000000   0.000000000000000   -0.250000300000000   -0.375000450000000   -0.500000600000000   -0.125000150000000   -0.239276982428671   -0.353553814857342   0.000000000000000   0.000000000000000   0.000000000000000   -0.250000300000000   -0.375000450000000   -0.500000600000000   -0.125000150000000   -0.239276982428671   -0.353553814857342   0.000000000000000   0.000000000000000   0.000000000000000   
0.000000000000000   0.000000000000000   0.000000000000000   0.125000150000000   0.239276982428671   0.353553814857342   0.250000300000000   0.375000450000000   0.500000600000000   0.000000000000000   0.000000000000000   0.000000000000000   0.125000150000000   0.239276982428671   0.353553814857342   0.250000300000000   0.375000450000000   0.500000600000000   0.000000000000000   0.000000000000000   0.000000000000000   0.125000150000000   0.239276982428671   0.353553814857342   0.250000300000000   0.375000450000000   0.500000600000000   
-0.500000000000000   -0.500000000000000   -0.500000000000000   -0.500000000000000   -0.426776695296637   -0.353553390593274   -0.500000000000000   -0.500000000000000   -0.500000000000000   0.000000000000000   0.000000000000000   0.000000000000000   0.000000000000000   0.000000000000000   0.000000000000000   0.000000000000000   0.000000000000000   0.000000000000000   0.500000000000000   0.500000000000000   0.500000000000000   0.500000000000000   0.426776695296637   0.353553390593274   0.500000000000000   0.500000000000000   0.500000000000000   
1.000000000000000   1.000000000000000   1.000000000000000   1.000000000000000   0.853553390593274   0.707106781186548   1.000000000000000   1.000000000000000   1.000000000000000   1.000000000000000   1.000000000000000   1.000000000000000   1.000000000000000   0.853553390593274   0.707106781186548   1.000000000000000   1.000000000000000   1.000000000000000   1.000000000000000   1.000000000000000   1.000000000000000   1.000000000000000   0.853553390593274   0.707106781186548   1.000000000000000   1.000000000000000   1.000000000000000   
PATCH 4 
2 2 2 
3 3 3 
0.000000000000000   0.000000000000000   0.000000000000000   1.000000000000000   1.000000000000000   1.000000000000000   
0.000000000000000   0.000000000000000   0.000000000000000   1.000000000000000   1.000000000000000   1.000000000000000   
0.000000000000000   0.000000000000000   0.000000000000000   1.000000000000000   1.000000000000000   1.000000000000000   
0.000000000000000   0.000000000000000   0.000000000000000   0.125000150000000   0.239276982428671   0.353553814857342   0.250000300000000   0.375000450000000   0.500000600000000   0.000000000000000   0.000000000000000   0.000000000000000   0.125000150000000   0.239276982428671   0.353553814857342   0.250000300000000   0.375000450000000   0.500000600000000   0.000000000000000   0.000000000000000   0.000000000000000   0.125000150000000   0.239276982428671   0.353553814857342   0.250000300000000   0.375000450000000   0.500000600000000   
-0.250000300000000   -0.375000450000000   -0.500000600000000   -0.125000150000000   -0.239276982428671   -0.353553814857342   0.000000000000000   -0.000000000000000   -0.000000000000000   -0.250000300000000   -0.375000450000000   -0.500000600000000   -0.125000150000000   -0.239276982428671   -0.353553814857342   0.000000000000000   -0.000000000000000   -0.000000000000000   -0.250000300000000   -0.375000450000000   -0.500000600000000   -0.125000150000000   -0.239276982428671   -0.353553814857342   0.000000000000000   -0.000000000000000   -0.000000000000000   
-0.500000000000000   -0.500000000000000   -0.500000000000000   -0.500000000000000   -0.426776695296637   -0.353553390593274   -0.500000000000000   -0.500000000000000   -0.500000000000000   0.000000000000000   0.000000000000000   0.000000000000000   0.000000000000000   0.000000000000000   0.000000000000000   0.000000000000000   0.000000000000000   0.000000000000000   0.500000000000000   0.500000000000000   0.500000000000000   0.500000000000000   0.426776695296637   0.353553390593274   0.500000000000000   0.500000000000000   0.500000000000000   
1.000000000000000   1.000000000000000   1.000000000000000   1.000000000000000   0.853553390593274   0.707106781186548   1.000000000000000   1.000000000000000   1.000000000000000   1.000000000000000   1.000000000000000   1.000000000000000   1.000000000000000   0.853553390593274   0.707106781186548   1.000000000000000   1.000000000000000   1.000000000000000   1.000000000000000   1.000000000000000   1.000000000000000   1.000000000000000   0.853553390593274   0.707106781186548   1.000000000000000   1.000000000000000   1.000000000000000   
PATCH 5 
2 2 2 
3 3 3 
0.000000000000000   0.000000000000000   0.000000000000000   1.000000000000000   1.000000000000000   1.000000000000000   
0.000000000000000   0.000000000000000   0.000000000000000   1.000000000000000   1.000000000000000   1.000000000000000   
0.000000000000000   0.000000000000000   0.000000000000000   1.000000000000000   1.000000000000000   1.000000000000000   
-0.000000000000000   -0.000000000000000   -0.000000000000000   -0.125000150000000   -0.239276982428671   -0.353553814857342   -0.250000300000000   -0.375000450000000   -0.500000600000000   -0.000000000000000   -0.000000000000000   -0.000000000000000   -0.125000150000000   -0.239276982428671   -0.353553814857342   -0.250000300000000   -0.375000450000000   -0.500000600000000   -0.000000000000000   -0.000000000000000   -0.000000000000000   -0.125000150000000   -0.239276982428671   -0.353553814857342   -0.250000300000000   -0.375000450000000   -0.500000600000000   
-0.250000300000000   -0.375000450000000   -0.500000600000000   -0.125000150000000   -0.239276982428671   -0.353553814857342   0.000000000000000   0.000000000000000   0.000000000000000   -0.250000300000000   -0.375000450000000   -0.500000600000000   -0.125000150000000   -0.239276982428671   -0.353553814857342   0.000000000000000   0.000000000000000   0.000000000000000   -0.250000300000000   -0.375000450000000   -0.500000600000000   -0.125000150000000   -0.239276982428671   -0.353553814857342   0.000000000000000   0.000000000000000   0.000000000000000   
-0.500000000000000   -0.500000000000000   -0.500000000000000   -0.500000000000000   -0.426776695296637   -0.353553390593274   -0.500000000000000   -0.500000000000000   -0.500000000000000   0.000000000000000   0.000000000000000   0.000000000000000   0.000000000000000   0.000000000000000   0.000000000000000   0.000000000000000   0.000000000000000   0.000000000000000   0.500000000000000   0.500000000000000   0.500000000000000   0.500000000000000   0.426776695296637   0.353553390593274   0.500000000000000   0.500000000000000   0.500000000000000   
1.000000000000000   1.000000000000000   1.000000000000000   1.000000000000000   0.853553390593274   0.707106781186548   1.000000000000000   1.000000000000000   1.000000000000000   1.000000000000000   1.000000000000000   1.000000000000000   1.000000000000000   0.853553390593274   0.707106781186548   1.000000000000000   1.000000000000000   1.000000000000000   1.000000000000000   1.000000000000000   1.000000000000000   1.000000000000000   0.853553390593274   0.707106781186548   1.000000000000000   1.000000000000000   1.000000000000000   
INTERFACE 1 
1 1 
5 1 
1 1 1 
INTERFACE 2 
1 2 
2 1 
1 1 1 
INTERFACE 3 
1 3 
4 1 
1 1 1 
INTERFACE 4 
1 4 
3 1 
1 1 1 
INTERFACE 5 
2 3 
4 4 
1 1 1 
INTERFACE 6 
2 4 
3 4 
1 1 1 
INTERFACE 7 
3 3 
5 4 
1 1 1 
INTERFACE 8 
4 3 
5 3 
1 1 1 
BOUNDARY 1 
1 
1 5 
BOUNDARY 2 
1 
1 6 
BOUNDARY 3 
1 
2 2 
BOUNDARY 4 
1 
2 5 
BOUNDARY 5 
1 
2 6 
BOUNDARY 6 
1 
3 2 
BOUNDARY 7 
1 
3 5 
BOUNDARY 8 
1 
3 6 
BOUNDARY 9 
1 
4 2 
BOUNDARY 10 
1 
4 5 
BOUNDARY 11 
1 
4 6 
BOUNDARY 12 
1 
5 2 
BOUNDARY 13 
1 
5 5 
BOUNDARY 14 
1 
5 6 
